#
# Sample file specifying the order of DN components. 
# Can be copied to dncomponents.properties to control order of you own private DN components.
# Normal DN order is best controlled through "Custom Subject DN Order" in Certificate Profiles.
#
# WARNING: Changing this file may cause long term maintenance issues. 
# Do not change this file unless you really know what you are doing, consult with the 
# EJBCA team/PrimeKey before making any changes.
#
certificationid=0.4.0.127.0.7.3.10.1.2
description=2.5.4.13
jurisdictionLocality=1.3.6.1.4.1.311.60.2.1.1
jurisdictionState=1.3.6.1.4.1.311.60.2.1.2
jurisdictionCountry=1.3.6.1.4.1.311.60.2.1.3
role=2.5.4.72
name=2.5.4.41
street=2.5.4.9
pseudonym=2.5.4.65
telephonenumber=2.5.4.20
postaladdress=2.5.4.16
businesscategory=2.5.4.15
postalcode=2.5.4.17
unstructuredaddress=1.2.840.113549.1.9.8
unstructuredname=1.2.840.113549.1.9.2
emailaddress=1.2.840.113549.1.9.1
e=1.2.840.113549.1.9.1
email=1.2.840.113549.1.9.1
dn=2.5.4.46
uniqueidentifier=2.5.4.45
uid=0.9.2342.19200300.100.1.1
cn=2.5.4.3
vid=1.3.6.1.4.1.37244.2.1
pid=1.3.6.1.4.1.37244.2.2
sn=2.5.4.5
serialnumber=2.5.4.5
gn=2.5.4.42
givenname=2.5.4.42
initials=2.5.4.43
surname=2.5.4.4
t=2.5.4.12
ou=2.5.4.11
organizationIdentifier=2.5.4.97
o=2.5.4.10
l=2.5.4.7
st=2.5.4.8
dc=0.9.2342.19200300.100.1.25
c=2.5.4.6
